Encoding
tensor([[[1.],[1.]],[[0.],[0.]],[[1.],[1.]],[[1.],[1.]],[[0.],[1.]]])
tensor([[[ 1.],[ 1.]],[[-1.],[-1.]],[[ 1.],[ 1.]],[[ 1.],[ 1.]],[[-1.],[ 1.]]])
tensor([[[ 0.3104],[-0.0298]],[[ 0.1203],[-0.0182]],[[ 0.3104],[-0.0298]],[[ 0.3104],[-0.0298]],[[ 0.3499],[-0.2382]]], grad_fn=<EluBackward0>)
tensor([[[-0.3453],[ 0.0048]],[[ 0.0796],[ 0.4465]],[[-0.3453],[ 0.0048]],[[-0.3453],[ 0.0048]],[[-0.3059],[ 0.0533]]], grad_fn=<EluBackward0>)
tensor([[[ 1.],[ 1.]],[[-1.],[-1.]],[[ 1.],[ 1.]],[[ 1.],[ 1.]],[[ 1.],[-1.]]])
tensor([[[-0.0478],[-0.4550]],[[-0.1825],[-0.1229]],[[-0.0478],[-0.4550]],[[-0.0478],[-0.4550]],[[ 0.2564],[-0.3774]]], grad_fn=<EluBackward0>)
tensor([[[ 0.3104, -0.3453, -0.0478],[-0.0298,  0.0048, -0.4550]],[[ 0.1203,  0.0796, -0.1825],[-0.0182,  0.4465, -0.1229]],[[ 0.3104, -0.3453, -0.0478],[-0.0298,  0.0048, -0.4550]],[[ 0.3104, -0.3453, -0.0478],[-0.0298,  0.0048, -0.4550]],[[ 0.3499, -0.3059,  0.2564],[-0.2382,  0.0533, -0.3774]]], grad_fn=<CatBackward0>)

tensor([[[ 1.4090, -1.1247,  0.0250],[ 0.0946,  0.2282, -1.5488]],[[ 0.6746,  0.5170, -0.4957],[ 0.1392,  1.9352, -0.2654]],[[ 1.4090, -1.1247,  0.0250],[ 0.0946,  0.2282, -1.5488]],[[ 1.4090, -1.1247,  0.0250],[ 0.0946,  0.2282, -1.5488]],[[ 1.5618, -0.9727,  1.2005],[-0.7111,  0.4157, -1.2491]]], grad_fn=<DivBackward0>)

modulation
tensor([[[ 1.4090, -1.1247],[ 0.0250,  0.0946],[ 0.2282, -1.5488]],[[ 0.6746,  0.5170],[-0.4957,  0.1392],[ 1.9352, -0.2654]],[[ 1.4090, -1.1247],[ 0.0250,  0.0946],[ 0.2282, -1.5488]],[[ 1.4090, -1.1247],[ 0.0250,  0.0946],[ 0.2282, -1.5488]],[[ 1.5618, -0.9727],[ 1.2005, -0.7111],[ 0.4157, -1.2491]]], grad_fn=<ViewBackward0>)
tensor([[[-0.3292,  0.5303],[-0.1079, -0.0794],[-0.4193,  0.4713]],[[-0.0418, -0.1108],[-0.0793, -0.1756],[-0.2290,  0.3644]],[[-0.3292,  0.5303],[-0.1079, -0.0794],[-0.4193,  0.4713]],[[-0.3292,  0.5303],[-0.1079, -0.0794],[-0.4193,  0.4713]],[[-0.3091,  0.5091],[-0.2740,  0.3764],[-0.3661,  0.4135]]], grad_fn=<TransposeBackward0>)
tensor([[[-0.9703,  1.4944],[-0.3357, -0.2540],[-1.2287,  1.3252]],[[-0.1462, -0.3440],[-0.2537, -0.5298],[-0.6828,  1.0186]],[[-0.9703,  1.4944],[-0.3357, -0.2540],[-1.2287,  1.3252]],[[-0.9703,  1.4944],[-0.3357, -0.2540],[-1.2287,  1.3252]],[[-0.9125,  1.4336],[-0.8119,  1.0530],[-1.0762,  1.1593]]], grad_fn=<DivBackward0>)
tensor([[[-1.,  1.],[-1., -1.],[-1.,  1.]],[[-1., -1.],[-1., -1.],[-1.,  1.]],[[-1.,  1.],[-1., -1.],[-1.,  1.]],[[-1.,  1.],[-1., -1.],[-1.,  1.]],[[-1.,  1.],[-1.,  1.],[-1.,  1.]]], grad_fn=<STEQuantizeBackward>)


noise
tensor([[[-1.0062,  0.2771],[ 1.8311, -0.5440],[ 0.6315,  1.0720]],[[-1.0034, -0.4643],[-0.3419, -0.9395],[ 0.3506,  3.7564]],[[-0.2874, -0.4928],[-1.6860,  0.0298],[ 0.9580,  0.6992]],[[-0.1513,  0.9491],[ 0.0969,  0.3513],[-0.9681, -0.3366]],[[ 0.5281, -0.3217],[-0.2538,  0.8267],[-0.4672, -0.1142]]])
symbols
tensor([[[-2.0062,  1.2771],[ 0.8311, -1.5440],[-0.3685,  2.0720]],[[-2.0034, -1.4643],[-1.3419, -1.9395],[-0.6494,  4.7564]],[[-1.2874,  0.5072],[-2.6860, -0.9702],[-0.0420,  1.6992]],[[-1.1513,  1.9491],[-0.9031, -0.6487],[-1.9681,  0.6634]],[[-0.4719,  0.6783],[-1.2538,  1.8267],[-1.4672,  0.8858]]], grad_fn=<AddBackward0>)
decmod
tensor([[[ 2.1093e-02, -8.8416e-02,  2.7950e-01],[-8.9416e-02, -3.1178e-02,  1.1865e-01]],[[-1.6000e-01, -7.8438e-01, -4.5274e-02],[-7.0707e-01,  5.3867e-03,  1.3965e-01]],[[-1.0424e-02, -1.5493e-01, -2.3113e-01],[-8.2405e-01, -5.5349e-02,  1.1082e-01]],[[ 4.1983e-02,  8.2881e-02, -1.9389e-04],[-3.1803e-01, -3.2233e-02, -2.2560e-01]],[[ 4.8797e-03, -1.8668e-02,  4.5588e-02],[ 6.4212e-02,  2.5142e-03, -1.0544e-01]]],
       grad_fn=<UnsafeViewBackward0>)
	   
tensor([[[ 0.0211],[-0.0894]],[[-0.1600],[-0.7071]],[[-0.0104],[-0.8241]],[[ 0.0420],[-0.3180]],[[ 0.0049],[ 0.0642]]], grad_fn=<ViewBackward0>)
tensor([[[-0.0894],[ 0.0211]],[[-0.7071],[-0.1600]],[[-0.8241],[-0.0104]],[[-0.3180],[ 0.0420]],[[ 0.0642],[ 0.0049]]], grad_fn=<PermuteBackward0>)
tensor([[[-0.0884],[-0.0312]],[[-0.7844],[ 0.0054]],[[-0.1549],[-0.0553]],[[ 0.0829],[-0.0322]],[[-0.0187],[ 0.0025]]], grad_fn=<ViewBackward0>)
tensor([[[ 2.7950e-01],[ 1.1865e-01]],[[-4.5274e-02],[ 1.3965e-01]],[[-2.3113e-01],[ 1.1082e-01]],[[-1.9389e-04],[-2.2560e-01]],[[ 4.5588e-02],[-1.0544e-01]]], grad_fn=<ViewBackward0>)
tensor([[[0., 0., 0., 0., 0.],[0., 0., 0., 0., 0.]],[[0., 0., 0., 0., 0.],[0., 0., 0., 0., 0.]],[[0., 0., 0., 0., 0.],[0., 0., 0., 0., 0.]],[[0., 0., 0., 0., 0.],[0., 0., 0., 0., 0.]],[[0., 0., 0., 0., 0.],[0., 0., 0., 0., 0.]]])

x_this_dec
tensor([[[ 0.0211, -0.0884,  0.0000,  0.0000,  0.0000,  0.0000,  0.0000],[-0.0894, -0.0312,  0.0000,  0.0000,  0.0000,  0.0000,  0.0000]],[[-0.1600, -0.7844,  0.0000,  0.0000,  0.0000,  0.0000,  0.0000],[-0.7071,  0.0054,  0.0000,  0.0000,  0.0000,  0.0000,  0.0000]],[[-0.0104, -0.1549,  0.0000,  0.0000,  0.0000,  0.0000,  0.0000],[-0.8241, -0.0553,  0.0000,  0.0000,  0.0000,  0.0000,  0.0000]],[[ 0.0420,  0.0829,  0.0000,  0.0000,  0.0000,  0.0000,  0.0000],[-0.3180, -0.0322,  0.0000,  0.0000,  0.0000,  0.0000,  0.0000]],[[ 0.0049, -0.0187,  0.0000,  0.0000,  0.0000,  0.0000,  0.0000],[ 0.0642,  0.0025,  0.0000,  0.0000,  0.0000,  0.0000,  0.0000]]],
       grad_fn=<CatBackward0>)

tensor([[[-0.0320,  0.0441, -0.0912, -0.0535, -0.0847],[-0.0452,  0.0667, -0.1000, -0.0738, -0.0945]],[[-0.0274,  0.0394, -0.0926, -0.0460, -0.0815],[-0.0398,  0.0714, -0.1076, -0.0773, -0.0969]],[[-0.0361,  0.0429, -0.0900, -0.0488, -0.0844],[-0.0497,  0.0711, -0.1034, -0.0712, -0.0905]],[[-0.0358,  0.0449, -0.0902, -0.0528, -0.0857],[-0.0494,  0.0677, -0.0997, -0.0715, -0.0917]],[[-0.0319,  0.0448, -0.0914, -0.0545, -0.0853],[-0.0455,  0.0657, -0.0991, -0.0740, -0.0951]]],
       grad_fn=<AddBackward0>)
tensor([[[-0.0320,  0.0441, -0.0912, -0.0535, -0.0847],[-0.0452,  0.0667, -0.1000, -0.0738, -0.0945]],[[-0.0274,  0.0394, -0.0926, -0.0460, -0.0815],[-0.0398,  0.0714, -0.1076, -0.0773, -0.0969]],[[-0.0361,  0.0429, -0.0900, -0.0488, -0.0844],[-0.0497,  0.0711, -0.1034, -0.0712, -0.0905]],[[-0.0358,  0.0449, -0.0902, -0.0528, -0.0857],[-0.0494,  0.0677, -0.0997, -0.0715, -0.0917]],[[-0.0319,  0.0448, -0.0914, -0.0545, -0.0853],[-0.0455,  0.0657, -0.0991, -0.0740, -0.0951]]],
       grad_fn=<SubBackward0>)h
tensor([[[-0.0452,  0.0667, -0.1000, -0.0738, -0.0945],[-0.0320,  0.0441, -0.0912, -0.0535, -0.0847]],[[-0.0398,  0.0714, -0.1076, -0.0773, -0.0969],[-0.0274,  0.0394, -0.0926, -0.0460, -0.0815]],[[-0.0497,  0.0711, -0.1034, -0.0712, -0.0905],[-0.0361,  0.0429, -0.0900, -0.0488, -0.0844]],[[-0.0494,  0.0677, -0.0997, -0.0715, -0.0917],[-0.0358,  0.0449, -0.0902, -0.0528, -0.0857]],[[-0.0455,  0.0657, -0.0991, -0.0740, -0.0951],[-0.0319,  0.0448, -0.0914, -0.0545, -0.0853]]],
       grad_fn=<PermuteBackward0>)	  

tensor([[[-0.0877,  0.0417,  0.0439, -0.0449,  0.1063],[-0.0625,  0.0388,  0.0323, -0.0308,  0.1062]],[[-0.0803,  0.0442,  0.0461, -0.0450,  0.1009],[-0.0604,  0.0407,  0.0380, -0.0384,  0.1047]],[[-0.0794,  0.0462,  0.0428, -0.0460,  0.0962],[-0.0637,  0.0406,  0.0403, -0.0449,  0.1039]],[[-0.0846,  0.0438,  0.0411, -0.0409,  0.1016],[-0.0633,  0.0394,  0.0341, -0.0399,  0.1061]],[[-0.0899,  0.0410,  0.0380, -0.0435,  0.1049],[-0.0662,  0.0384,  0.0342, -0.0356,  0.1076]]],
       grad_fn=<AddBackward0>)
tensor([[[-0.0426, -0.0251,  0.1439,  0.0289,  0.2008],[-0.0305, -0.0053,  0.1236,  0.0227,  0.1908]],[[-0.0405, -0.0273,  0.1536,  0.0324,  0.1977],[-0.0331,  0.0013,  0.1306,  0.0076,  0.1863]],[[-0.0297, -0.0249,  0.1463,  0.0252,  0.1867],[-0.0276, -0.0022,  0.1303,  0.0038,  0.1883]],[[-0.0352, -0.0240,  0.1408,  0.0306,  0.1933],[-0.0275, -0.0055,  0.1243,  0.0130,  0.1918]],[[-0.0444, -0.0247,  0.1371,  0.0304,  0.2000],[-0.0344, -0.0064,  0.1256,  0.0189,  0.1928]]],
       grad_fn=<SubBackward0>)	  
tensor([[[-0.0305, -0.0053,  0.1236,  0.0227,  0.1908],[-0.0426, -0.0251,  0.1439,  0.0289,  0.2008]],[[-0.0331,  0.0013,  0.1306,  0.0076,  0.1863],[-0.0405, -0.0273,  0.1536,  0.0324,  0.1977]],[[-0.0276, -0.0022,  0.1303,  0.0038,  0.1883],[-0.0297, -0.0249,  0.1463,  0.0252,  0.1867]],[[-0.0275, -0.0055,  0.1243,  0.0130,  0.1918],[-0.0352, -0.0240,  0.1408,  0.0306,  0.1933]],[[-0.0344, -0.0064,  0.1256,  0.0189,  0.1928],[-0.0444, -0.0247,  0.1371,  0.0304,  0.2000]]],
       grad_fn=<PermuteBackward0>)


x_this_dec 
tensor([[[ 0.0211, -0.0884, -0.0305, -0.0053,  0.1236,  0.0227,  0.1908],[-0.0894, -0.0312, -0.0426, -0.0251,  0.1439,  0.0289,  0.2008]],[[-0.1600, -0.7844, -0.0331,  0.0013,  0.1306,  0.0076,  0.1863],[-0.7071,  0.0054, -0.0405, -0.0273,  0.1536,  0.0324,  0.1977]],[[-0.0104, -0.1549, -0.0276, -0.0022,  0.1303,  0.0038,  0.1883],[-0.8241, -0.0553, -0.0297, -0.0249,  0.1463,  0.0252,  0.1867]],[[ 0.0420,  0.0829, -0.0275, -0.0055,  0.1243,  0.0130,  0.1918],[-0.3180, -0.0322, -0.0352, -0.0240,  0.1408,  0.0306,  0.1933]],[[ 0.0049, -0.0187, -0.0344, -0.0064,  0.1256,  0.0189,  0.1928],[ 0.0642,  0.0025, -0.0444, -0.0247,  0.1371,  0.0304,  0.2000]]],
       grad_fn=<CatBackward0>)
tensor([[[-0.0102,  0.0573,  0.0401,  0.0162,  0.0774],[-0.0452,  0.0436,  0.0588,  0.0353,  0.0682]],[[-0.0035,  0.0684,  0.0399,  0.0194,  0.0934],[-0.0496,  0.0497,  0.0617,  0.0331,  0.0771]],[[-0.0091,  0.0662,  0.0375,  0.0220,  0.0894],[-0.0498,  0.0476,  0.0620,  0.0361,  0.0740]],[[-0.0119,  0.0592,  0.0387,  0.0186,  0.0795],[-0.0464,  0.0439,  0.0595,  0.0366,  0.0688]],[[-0.0113,  0.0555,  0.0406,  0.0152,  0.0747],[-0.0439,  0.0424,  0.0577,  0.0355,  0.0667]]],
       grad_fn=<AddBackward0>)
tensor([[[ 0.0203,  0.0625, -0.0834, -0.0065, -0.1134],[-0.0026,  0.0687, -0.0851,  0.0065, -0.1327]],[[ 0.0296,  0.0671, -0.0907,  0.0118, -0.0928],[-0.0091,  0.0770, -0.0920,  0.0008, -0.1206]],[[ 0.0185,  0.0684, -0.0928,  0.0181, -0.0988],[-0.0200,  0.0725, -0.0843,  0.0110, -0.1127]],[[ 0.0156,  0.0647, -0.0856,  0.0056, -0.1123],[-0.0112,  0.0678, -0.0813,  0.0060, -0.1245]],[[ 0.0231,  0.0619, -0.0849, -0.0036, -0.1182],[ 0.0005,  0.0670, -0.0793,  0.0051, -0.1333]]],
       grad_fn=<SubBackward0>)
tensor([[[-0.0026,  0.0687, -0.0851,  0.0065, -0.1327],[ 0.0203,  0.0625, -0.0834, -0.0065, -0.1134]],[[-0.0091,  0.0770, -0.0920,  0.0008, -0.1206],[ 0.0296,  0.0671, -0.0907,  0.0118, -0.0928]],[[-0.0200,  0.0725, -0.0843,  0.0110, -0.1127],[ 0.0185,  0.0684, -0.0928,  0.0181, -0.0988]],[[-0.0112,  0.0678, -0.0813,  0.0060, -0.1245],[ 0.0156,  0.0647, -0.0856,  0.0056, -0.1123]],[[ 0.0005,  0.0670, -0.0793,  0.0051, -0.1333],[ 0.0231,  0.0619, -0.0849, -0.0036, -0.1182]]],
       grad_fn=<PermuteBackward0>)
tensor([[[-8.9416e-02,  2.7950e-01, -2.6025e-03,  6.8687e-02, -8.5107e-02,  6.4608e-03, -1.3267e-01],[ 2.1093e-02,  1.1865e-01,  2.0303e-02,  6.2534e-02, -8.3432e-02, -6.5366e-03, -1.1339e-01]],[[-7.0707e-01, -4.5274e-02, -9.0764e-03,  7.7019e-02, -9.1962e-02,  7.5355e-04, -1.2063e-01],[-1.6000e-01,  1.3965e-01,  2.9630e-02,  6.7064e-02, -9.0715e-02,  1.1800e-02, -9.2850e-02]],[[-8.2405e-01, -2.3113e-01, -2.0031e-02,  7.2517e-02, -8.4313e-02,  1.0968e-02, -1.1267e-01],[-1.0424e-02,  1.1082e-01,  1.8464e-02,  6.8418e-02, -9.2796e-02,  1.8128e-02, -9.8845e-02]],[[-3.1803e-01, -1.9389e-04, -1.1183e-02,  6.7848e-02, -8.1299e-02,  5.9748e-03, -1.2447e-01],[ 4.1983e-02, -2.2560e-01,  1.5613e-02,  6.4669e-02, -8.5592e-02,  5.6124e-03, -1.1233e-01]],[[ 6.4212e-02,  4.5588e-02,  5.1112e-04,  6.7049e-02, -7.9343e-02,  5.0519e-03, -1.3328e-01],[ 4.8797e-03, -1.0544e-01,  2.3066e-02,  6.1927e-02, -8.4921e-02, -3.6393e-03, -1.1817e-01]]], grad_fn=<CatBackward0>)
tensor([[[-0.0378, -0.0844, -0.0230,  0.0398,  0.0393],[-0.0357, -0.0943, -0.0116,  0.0320,  0.0409]],[[-0.0500, -0.0846, -0.0183,  0.0384,  0.0423],[-0.0269, -0.0939, -0.0125,  0.0262,  0.0376]],[[-0.0518, -0.0856, -0.0182,  0.0391,  0.0440],[-0.0246, -0.0947, -0.0126,  0.0263,  0.0376]],[[-0.0363, -0.0832, -0.0247,  0.0409,  0.0436],[-0.0320, -0.0970, -0.0141,  0.0307,  0.0422]],[[-0.0309, -0.0839, -0.0276,  0.0421,  0.0421],[-0.0363, -0.0930, -0.0133,  0.0334,  0.0444]]],
       grad_fn=<AddBackward0>)
tensor([[[-0.0352, -0.1531,  0.0621,  0.0334,  0.1720],[-0.0560, -0.1569,  0.0718,  0.0385,  0.1543]],[[-0.0409, -0.1616,  0.0737,  0.0376,  0.1630],[-0.0565, -0.1609,  0.0782,  0.0144,  0.1305]],[[-0.0318, -0.1581,  0.0661,  0.0281,  0.1567],[-0.0431, -0.1631,  0.0802,  0.0081,  0.1365]],[[-0.0251, -0.1511,  0.0566,  0.0349,  0.1681],[-0.0476, -0.1617,  0.0715,  0.0251,  0.1545]],[[-0.0314, -0.1510,  0.0518,  0.0371,  0.1754],[-0.0593, -0.1549,  0.0716,  0.0370,  0.1626]]],
       grad_fn=<SubBackward0>)
tensor([[[-0.0560, -0.1569,  0.0718,  0.0385,  0.1543],[-0.0352, -0.1531,  0.0621,  0.0334,  0.1720]],[[-0.0565, -0.1609,  0.0782,  0.0144,  0.1305],[-0.0409, -0.1616,  0.0737,  0.0376,  0.1630]],[[-0.0431, -0.1631,  0.0802,  0.0081,  0.1365],[-0.0318, -0.1581,  0.0661,  0.0281,  0.1567]],[[-0.0476, -0.1617,  0.0715,  0.0251,  0.1545],[-0.0251, -0.1511,  0.0566,  0.0349,  0.1681]],[[-0.0593, -0.1549,  0.0716,  0.0370,  0.1626],[-0.0314, -0.1510,  0.0518,  0.0371,  0.1754]]],
       grad_fn=<PermuteBackward0>)

x_this_dec
tensor([[[-8.9416e-02,  2.7950e-01,  6.7420e-03,  1.3787e-01, -2.8646e-01, -3.9118e-02, -1.6375e-01],[ 2.1093e-02,  1.1865e-01,  6.9663e-02,  1.7991e-01, -3.0641e-01, -4.1863e-02, -1.8816e-01]],[[-7.0707e-01, -4.5274e-02,  6.8830e-03,  1.6395e-01, -2.9819e-01, -1.9797e-02, -1.8419e-01],[-1.6000e-01,  1.3965e-01,  8.0849e-02,  1.6948e-01, -3.3819e-01, -8.8220e-03, -1.6085e-01]],[[-8.2405e-01, -2.3113e-01, -2.6134e-02,  1.5288e-01, -2.8473e-01, -7.2948e-03, -1.6996e-01],[-1.0424e-02,  1.1082e-01,  5.0214e-02,  1.7581e-01, -3.3342e-01, -2.1369e-03, -1.6976e-01]],[[-3.1803e-01, -1.9389e-04, -2.0834e-02,  1.4409e-01, -2.7914e-01, -2.9106e-02, -1.6397e-01],[ 4.1983e-02, -2.2560e-01,  5.2607e-02,  1.8501e-01, -3.1358e-01, -2.3182e-02, -1.8288e-01]],[[ 6.4212e-02,  4.5588e-02,  5.2115e-03,  1.4031e-01, -2.7273e-01, -4.3313e-02, -1.6265e-01],[ 4.8797e-03, -1.0544e-01,  7.4122e-02,  1.8240e-01, -3.0737e-01, -4.0159e-02, -1.9285e-01]]], grad_fn=<CatBackward0>)	 
tensor([[[0.0724],[0.0853]],[[0.0714],[0.0887]],[[0.0712],[0.0896]],[[0.0760],[0.0898]],[[0.0761],[0.0858]]], grad_fn=<AddBackward0>)

x_de
tensor([[[0.5213],[0.5181]],[[0.5222],[0.5178]],[[0.5224],[0.5178]],[[0.5224],[0.5190]],[[0.5214],[0.5190]]], grad_fn=<SigmoidBackward0>)  




	   

tensor([[[-0.1492,  0.1125,  0.0581, -0.0723,  0.1070, -0.1616,  0.1477, -0.0948, -0.0559, -0.0888,  0.1348,  0.1860, -0.1698, -0.1094,  0.0111,  0.0553,  0.1908,  0.3013,  0.0742,  0.1042, -0.0328,  0.0828,  0.1080, -0.1892,  0.1120],[-0.0421, -0.0642, -0.1608,  0.0260, -0.0395, -0.0917, -0.0750,  0.0629,  0.0659,  0.0140,  0.0135, -0.0209,  0.0451,  0.1454,  0.1521, -0.1680,  0.1003, -0.0057, -0.0515, -0.0627,  0.1065,  0.0317,  0.1627,  0.0976,  0.1207]],[[-0.0207,  0.0166,  0.0487, -0.0081, -0.0171, -0.0160, -0.0117, -0.1094, -0.0402, -0.0911,  0.1198,  0.0004,  0.0100,  0.0428,  0.0370, -0.0009,  0.1140,  0.0444,  0.0221,  0.1035,  0.0018,  0.0665,  0.1560, -0.0208,  0.0766],[ 0.0409, -0.0974, -0.0034,  0.1983, -0.1777,  0.0301,  0.0338, -0.0403,  0.0107, -0.0065,  0.0054,  0.0509,  0.0912,  0.0486,  0.0500, -0.0483, -0.0785, -0.0204,  0.1473, -0.0128,  0.1695,  0.0214,  0.1389, -0.0611, -0.0010]],[[-0.1492,  0.1125,  0.0581, -0.0723,  0.1070, -0.1616,  0.1477, -0.0948, -0.0559, -0.0888,  0.1348,  0.1860, -0.1698, -0.1094,  0.0111,  0.0553,  0.1908,  0.3013,  0.0742,  0.1042, -0.0328,  0.0828,  0.1080, -0.1892,  0.1120],[-0.0421, -0.0642, -0.1608,  0.0260, -0.0395, -0.0917, -0.0750,  0.0629,  0.0659,  0.0140,  0.0135, -0.0209,  0.0451,  0.1454,  0.1521, -0.1680,  0.1003, -0.0057, -0.0515, -0.0627,  0.1065,  0.0317,  0.1627,  0.0976,  0.1207]],[[-0.1492,  0.1125,  0.0581, -0.0723,  0.1070, -0.1616,  0.1477, -0.0948, -0.0559, -0.0888,  0.1348,  0.1860, -0.1698, -0.1094,  0.0111,  0.0553,  0.1908,  0.3013,  0.0742,  0.1042, -0.0328,  0.0828,  0.1080, -0.1892,  0.1120],[-0.0421, -0.0642, -0.1608,  0.0260, -0.0395, -0.0917, -0.0750,  0.0629,  0.0659,  0.0140,  0.0135, -0.0209,  0.0451,  0.1454,  0.1521, -0.1680,  0.1003, -0.0057, -0.0515, -0.0627,  0.1065,  0.0317,  0.1627,  0.0976,  0.1207]],[[-0.2417,  0.1434,  0.1733, -0.0727,  0.0586, -0.1163,  0.2898, -0.1899, -0.1248, -0.1609,  0.2801,  0.2223, -0.1171,  0.0169,  0.0047,  0.1343,  0.1763,  0.1955,  0.1475,  0.1229, -0.0559,  0.0204,  0.1336, -0.1817,  0.0308],[ 0.1106, -0.1618, -0.2179,  0.1873, -0.1877,  0.1586, -0.0483,  0.2079,  0.0426,  0.1124, -0.1312, -0.1198,  0.1864,  0.1700,  0.2169, -0.1740,  0.0073, -0.1757,  0.0672, -0.1416,  0.2459, -0.0644,  0.1134,  0.1538, -0.0104]]], grad_fn=<TransposeBackward0>)


tensor([[[ 0.1588,  0.1905, -0.0503,  0.1356,  0.1200, -0.0337,  0.1046,  0.0632, -0.1923,  0.1603,  0.2409, -0.2387, -0.0470, -0.1171,  0.2538, -0.2515, -0.1223, -0.2403, -0.1833, -0.2520,  0.2296,  0.1261,  0.1792,  0.2268,  0.1434],[ 0.0394,  0.1034,  0.0768, -0.0643, -0.0882,  0.0791,  0.0088,  0.0760, -0.0190,  0.0890, -0.0469, -0.0805,  0.0175, -0.1348,  0.0246, -0.1125, -0.0897, -0.0839, -0.0634, -0.0379,  0.1618, -0.0757, -0.0112, -0.0614,  0.1557]],[[-0.0524,  0.1357, -0.0449,  0.0087, -0.0627,  0.0124, -0.1010,  0.0759, -0.0623,  0.0181,  0.0476,  0.0909, -0.0732, -0.1614,  0.0534,  0.0040,  0.0616, -0.0484, -0.0621, -0.0084,  0.0719,  0.0370, -0.0475, -0.1893,  0.0321],[-0.2054, -0.0217,  0.0618, -0.2630, -0.2141,  0.1819, -0.0817,  0.1109,  0.0308, -0.0820, -0.0192,  0.0395, -0.0448,  0.1622, -0.1162,  0.1439,  0.1785,  0.1937,  0.0617,  0.0948, -0.0298, -0.0732, -0.1362, -0.2155, -0.1482]],[[ 0.1588,  0.1905, -0.0503,  0.1356,  0.1200, -0.0337,  0.1046,  0.0632, -0.1923,  0.1603,  0.2409, -0.2387, -0.0470, -0.1171,  0.2538, -0.2515, -0.1223, -0.2403, -0.1833, -0.2520,  0.2296,  0.1261,  0.1792,  0.2268,  0.1434],[ 0.0394,  0.1034,  0.0768, -0.0643, -0.0882,  0.0791,  0.0088,  0.0760, -0.0190,  0.0890, -0.0469, -0.0805,  0.0175, -0.1348,  0.0246, -0.1125, -0.0897, -0.0839, -0.0634, -0.0379,  0.1618, -0.0757, -0.0112, -0.0614,  0.1557]],[[ 0.1588,  0.1905, -0.0503,  0.1356,  0.1200, -0.0337,  0.1046,  0.0632, -0.1923,  0.1603,  0.2409, -0.2387, -0.0470, -0.1171,  0.2538, -0.2515, -0.1223, -0.2403, -0.1833, -0.2520,  0.2296,  0.1261,  0.1792,  0.2268,  0.1434],[ 0.0394,  0.1034,  0.0768, -0.0643, -0.0882,  0.0791,  0.0088,  0.0760, -0.0190,  0.0890, -0.0469, -0.0805,  0.0175, -0.1348,  0.0246, -0.1125, -0.0897, -0.0839, -0.0634, -0.0379,  0.1618, -0.0757, -0.0112, -0.0614,  0.1557]],[[ 0.1228,  0.2128, -0.0042,  0.1380,  0.2005,  0.0301,  0.0055,  0.0656, -0.1730,  0.1071,  0.1992, -0.2146, -0.0257, -0.1166,  0.2726, -0.1672, -0.1215, -0.2453, -0.0909, -0.2294,  0.2203,  0.0741,  0.1668,  0.1384,  0.1238],[ 0.0666,  0.0451,  0.0449, -0.1474, -0.0468,  0.0380,  0.0521, -0.0085,  0.0305,  0.0129,  0.0058, -0.0720, -0.0451, -0.0657,  0.0847, -0.1034, -0.0099, -0.0104, -0.1007,  0.0691,  0.1554,  0.0478, -0.0279, -0.1055,  0.0591]]], grad_fn=<TransposeBackward0>)

tensor([[[-0.1107, -0.2115,  0.0902, -0.0191,  0.0196, -0.1380, -0.3188,  0.0632,  0.0693, -0.0352,  0.1489, -0.0406, -0.1950, -0.1227, -0.2634,  0.0218, -0.0147, -0.1737, -0.0788,  0.1604,  0.0006,  0.0311,  0.0286,  0.0027,  0.0159],[-0.1754,  0.1145, -0.0952, -0.1929, -0.0541,  0.1735, -0.0398, -0.1795, -0.1347, -0.2261, -0.2363, -0.3307,  0.0835,  0.0946,  0.2003, -0.0559,  0.0058,  0.3283,  0.0452,  0.3740, -0.0738,  0.1767, -0.1664, -0.0535,  0.1058]],[[ 0.0032,  0.0174,  0.1014, -0.0188,  0.0330,  0.0812,  0.0331,  0.0751, -0.0091, -0.0888, -0.0498,  0.0381,  0.0594,  0.0642,  0.0236,  0.0401, -0.0693,  0.0327,  0.0388,  0.0400,  0.0591,  0.0533,  0.0691, -0.0476, -0.0544],[ 0.0374, -0.0924,  0.1563,  0.0772,  0.0605, -0.0806, -0.0097,  0.0409, -0.0429, -0.1582, -0.0187,  0.0594,  0.0085,  0.0816, -0.0680, -0.0591, -0.0781,  0.0826,  0.0606,  0.0508,  0.0583, -0.0285,  0.1017,  0.0268,  0.0057]],[[-0.1107, -0.2115,  0.0902, -0.0191,  0.0196, -0.1380, -0.3188,  0.0632,  0.0693, -0.0352,  0.1489, -0.0406, -0.1950, -0.1227, -0.2634,  0.0218, -0.0147, -0.1737, -0.0788,  0.1604,  0.0006,  0.0311,  0.0286,  0.0027,  0.0159],[-0.1754,  0.1145, -0.0952, -0.1929, -0.0541,  0.1735, -0.0398, -0.1795, -0.1347, -0.2261, -0.2363, -0.3307,  0.0835,  0.0946,  0.2003, -0.0559,  0.0058,  0.3283,  0.0452,  0.3740, -0.0738,  0.1767, -0.1664, -0.0535,  0.1058]],[[-0.1107, -0.2115,  0.0902, -0.0191,  0.0196, -0.1380, -0.3188,  0.0632,  0.0693, -0.0352,  0.1489, -0.0406, -0.1950, -0.1227, -0.2634,  0.0218, -0.0147, -0.1737, -0.0788,  0.1604,  0.0006,  0.0311,  0.0286,  0.0027,  0.0159],[-0.1754,  0.1145, -0.0952, -0.1929, -0.0541,  0.1735, -0.0398, -0.1795, -0.1347, -0.2261, -0.2363, -0.3307,  0.0835,  0.0946,  0.2003, -0.0559,  0.0058,  0.3283,  0.0452,  0.3740, -0.0738,  0.1767, -0.1664, -0.0535,  0.1058]],[[ 0.0548, -0.2347,  0.2055,  0.1862,  0.0640, -0.1810, -0.3051,  0.1792,  0.0709,  0.1200,  0.1739,  0.1202, -0.3026, -0.2447, -0.2794,  0.1398, -0.2106, -0.2890, -0.0819, -0.1540,  0.0374, -0.0858,  0.1711,  0.1001, -0.1070],[-0.0645, -0.0028, -0.0929, -0.1883, -0.0521,  0.0822, -0.0354, -0.1325, -0.0216, -0.3077, -0.1289, -0.2156,  0.1343,  0.1009,  0.2285, -0.0007,  0.0085,  0.2776,  0.1730,  0.1946, -0.0283,  0.0810, -0.0155, -0.0540,  0.0357]]], grad_fn=<TransposeBackward0>)

tensor([[[-3.6530e-02,  3.2820e-02, -6.3217e-04, -2.4143e-02, -1.3727e-02, -3.3391e-02, -8.9937e-03, -2.1106e-02, -3.8915e-02,  3.6145e-02,  1.9292e-02, -5.8346e-03,  8.7058e-03,  2.2378e-02, -3.4941e-02, -6.3717e-03,  3.7556e-03, -1.1929e-02, -7.1460e-04, -6.5601e-03, -5.4818e-04, -2.1654e-03, -2.1569e-02,  1.3887e-02, -3.4359e-02,  6.7221e-03,  3.2598e-03, -3.5198e-02, -1.7635e-02, -2.3068e-02, -5.0169e-02, -3.2254e-02,  3.7080e-02, -1.8211e-02,  1.5305e-03,  1.9652e-02,  4.3328e-02, -5.7065e-04, -7.5920e-03, -2.8595e-02, -4.4040e-02,  2.8808e-02, -2.7355e-02, -6.9997e-03, -6.3383e-03,  3.4083e-02,  3.7222e-02, -2.9599e-02, -6.5383e-03, -1.8113e-02, -3.2182e-02,  4.0272e-02,  3.3572e-02,  2.9309e-02, -1.6818e-02, -4.4857e-02, -3.5134e-02, -3.6510e-03, -4.3604e-02,  2.2260e-02,  3.0611e-02, -4.6678e-02,  1.3900e-02, -1.0235e-02, -2.5921e-02,  2.9532e-03,  1.1988e-02,  2.6750e-02, -2.4132e-02, -1.9957e-02, -4.7438e-03,  3.7799e-02,  3.7311e-02,  5.3993e-03, -4.4210e-02,  8.1728e-04, -4.0615e-02, -3.3805e-02, -2.4151e-02, -1.1322e-02,  4.3643e-02,  4.8941e-02, -1.1513e-02,  7.7561e-02,  2.0835e-03, -2.0388e-02,  4.1997e-03,  3.9986e-02, -9.8932e-03, -3.7265e-02, -4.2435e-02, -4.0074e-02,  1.0430e-02, -2.7875e-02,  4.2569e-02, -3.2585e-03,  1.9788e-02,  2.7781e-02, -2.3702e-02, -8.9002e-03],[ 1.1776e-03,  2.0357e-02, -6.0755e-04, -1.1829e-02,  1.1725e-02, -5.7262e-02, -2.1933e-02, -1.9770e-02, -3.7588e-02,  1.2787e-02,  4.3334e-02, -1.2104e-03,  1.6543e-02,  3.5818e-02, -5.1927e-03, -2.6292e-02,  8.6650e-03, -6.4165e-02,  2.2048e-02, -1.0989e-02, -1.7689e-02, -2.0812e-02, -2.7498e-02,  2.6271e-03, -3.6703e-03, -7.0761e-03, -4.3266e-02, -6.2016e-03, -5.5964e-02, -9.7042e-03, -8.6102e-02, -4.8412e-02,  3.9138e-02, -2.3118e-02,  3.1252e-03,  1.0102e-02,  6.4404e-03,  1.6445e-02, -8.2386e-03,  8.7346e-03, -2.0759e-02,  1.6589e-02, -5.1703e-02, -1.3197e-02, -4.2131e-02,  2.8800e-02,  1.7739e-02, -3.1205e-02, -3.3939e-02,  1.4644e-02, -4.0402e-02,  1.0193e-02,  2.1130e-02,  5.1277e-02, -2.0443e-02, -1.8808e-02, -4.1026e-02, -1.1411e-02, -4.3655e-02,  2.1138e-02,  2.3011e-02, -5.6442e-02,  1.5338e-02,  3.7157e-02,  9.6989e-03, -2.8489e-02, -4.9971e-03,  2.9639e-03, -2.6869e-02, -3.9601e-03, -2.0499e-02,  3.7890e-02,  4.7787e-02, -5.9404e-03, -5.7419e-02,  3.9146e-02, -2.5200e-02, -1.4822e-02, -4.7277e-02, -2.6976e-02,  4.3328e-02,  4.8489e-02, -1.8467e-02,  1.1765e-02, -1.1715e-02, -3.0838e-02, -2.3859e-03,  2.5436e-02, -3.9166e-03, -2.4235e-02, -5.1738e-02, -3.6956e-02,  8.4314e-03, -3.6074e-02,  4.3263e-02,  4.2332e-03,  1.7979e-02,  4.6337e-02, -1.9886e-02, -7.8682e-03]],[[-2.6331e-02,  1.6417e-02, -9.8852e-03, -2.2064e-02, -2.2271e-02, -1.2947e-02, -6.4110e-03, -3.1524e-02, -5.2294e-02,  4.7189e-02,  1.1490e-02, -1.1951e-02, -3.8195e-03,  3.6806e-02, -3.7678e-02, -1.8207e-02, -4.4748e-03, -5.1617e-03, -1.8704e-02, -2.1878e-02,  1.0864e-02, -9.2444e-03, -1.9391e-02,  3.8629e-03, -4.7685e-02,  1.5906e-02,  1.9996e-02, -4.0455e-02, -1.0836e-02,  8.3293e-04, -5.3220e-02, -3.3256e-02,  3.5652e-02, -7.1538e-03, -9.1436e-03, -2.6241e-03,  3.6131e-02,  2.0549e-02, -1.4588e-02, -2.8555e-02, -6.4038e-02,  3.0514e-02, -1.9429e-02, -2.7316e-02, -1.6939e-02,  4.0205e-02,  3.5853e-02, -3.3839e-02, -3.2576e-03, -1.3752e-02, -3.9526e-02,  4.0258e-02,  3.5819e-02,  4.5525e-02, -1.8959e-02, -4.9698e-02, -3.3487e-02, -7.6704e-03, -5.7248e-02,  2.8127e-02,  3.0365e-02, -5.0807e-02, -1.4781e-03, -5.2031e-03, -2.7172e-02,  2.9347e-03,  1.2445e-02,  2.7507e-02, -1.2131e-02, -2.7244e-02, -3.3503e-03,  4.3455e-02,  2.1691e-02,  1.5644e-02, -4.4644e-02, -6.2991e-03, -5.1593e-02, -3.7244e-02, -1.6590e-03, -2.5030e-02,  4.1314e-02,  3.6467e-02, -2.4349e-02,  8.6406e-02,  2.6504e-02, -1.3561e-02,  5.4754e-03,  4.4916e-02,  9.9513e-04, -4.6979e-02, -5.2089e-02, -5.5224e-02,  1.3218e-02, -1.0361e-02,  5.3352e-02, -3.9122e-03,  2.2431e-02,  2.0185e-02, -3.4852e-02, -1.4900e-02],[ 5.9397e-03,  1.5180e-02, -5.4150e-03, -1.4477e-02,  1.0896e-02, -6.7596e-02, -3.1191e-02, -2.2754e-02, -4.1176e-02,  1.8678e-02,  4.8934e-02,  1.4568e-04,  2.8863e-03,  7.0434e-02, -2.9336e-03, -3.9136e-02,  2.9717e-02, -6.0601e-02,  1.3901e-02, -2.7334e-02, -4.1254e-03, -1.8698e-02, -2.0101e-02,  6.3695e-04,  1.5067e-02, -2.1567e-03, -4.0494e-02,  1.7168e-02, -5.7400e-02, -3.5095e-04, -9.0736e-02, -3.7149e-02,  2.9783e-02, -3.2760e-02,  1.5148e-02,  1.1655e-02,  1.6370e-02,  1.6024e-02, -2.2176e-02,  5.6600e-03, -3.2090e-02,  9.6317e-03, -5.4213e-02, -2.5932e-02, -3.0529e-02,  1.8535e-02,  1.7982e-02, -3.2885e-02, -3.2923e-02,  1.1647e-02, -4.4408e-02, -4.7675e-03,  1.9727e-02,  7.3968e-02, -5.2036e-02, -1.0764e-02, -4.9683e-02, -7.0289e-03, -3.9253e-02,  1.9935e-02,  2.0058e-02, -6.9994e-02,  6.8768e-03,  4.3069e-02,  2.7954e-02, -3.4631e-02, -1.5775e-02, -1.2714e-02, -3.4723e-02, -5.4222e-03, -2.3106e-02,  4.5946e-02,  3.5776e-02, -1.0836e-02, -5.1074e-02,  3.7034e-02, -3.5262e-02, -1.6236e-02, -4.5342e-02, -2.0624e-02,  5.5191e-02,  5.9783e-02, -5.3430e-03,  1.5763e-02,  1.2937e-02, -2.7116e-02,  1.4240e-02,  1.6459e-02, -3.3727e-02, -2.7736e-02, -5.3879e-02, -3.0487e-02,  1.5093e-02, -3.4416e-02,  5.2273e-02,  7.5855e-03,  1.7045e-02,  8.3971e-02, -2.8594e-02, -2.3217e-02]],[[-2.3619e-02,  2.6661e-02, -9.4509e-03, -2.3255e-02, -2.4044e-02, -1.7357e-02, -1.4620e-02, -2.5540e-02, -3.8991e-02,  3.4135e-02,  2.5060e-02, -1.0390e-02,  1.2184e-02,  3.6086e-02, -3.9762e-02, -2.7528e-02, -1.0392e-02, -8.2965e-03, -1.1765e-02, -1.0326e-02,  2.7316e-03, -1.1145e-02, -1.6090e-02, -6.8760e-04, -3.8797e-02,  6.0568e-03,  1.4447e-02, -3.7402e-02, -1.7406e-02, -8.8180e-03, -5.8950e-02, -3.0189e-02,  4.5966e-02, -1.1961e-02, -1.1787e-02,  1.0027e-02,  3.9484e-02,  1.1458e-02, -1.0033e-02, -3.7854e-02, -5.1605e-02,  2.6712e-02, -9.7852e-03, -1.8313e-02, -1.3443e-02,  3.7682e-02,  4.0304e-02, -3.2670e-02, -2.7473e-03, -1.4379e-02, -3.8451e-02,  4.3956e-02,  2.9276e-02,  3.8381e-02, -1.4689e-02, -4.8325e-02, -3.5000e-02, -4.6270e-03, -5.0805e-02,  2.8778e-02,  2.2543e-02, -4.4024e-02, -5.7859e-03,  3.9515e-03, -2.6007e-02,  5.7887e-03,  7.4546e-03,  2.6117e-02, -2.6270e-02, -2.2545e-02, -1.0116e-02,  5.4313e-02,  2.7376e-02,  1.1845e-02, -3.8485e-02, -3.2656e-03, -4.8260e-02, -2.8979e-02, -1.8069e-02, -1.8488e-02,  4.4978e-02,  4.2515e-02, -2.1326e-02,  8.6813e-02,  2.7586e-02, -1.9096e-02, -3.2069e-03,  3.9912e-02,  9.5315e-03, -4.4884e-02, -4.2814e-02, -5.1801e-02,  5.7490e-03, -1.1128e-02,  4.2045e-02, -5.0187e-03,  2.4718e-02,  1.8515e-02, -2.9918e-02, -9.6923e-03],[ 1.0894e-03,  2.1274e-02, -1.8575e-02, -9.8480e-03,  4.7788e-03, -6.3996e-02, -2.9486e-02, -2.0388e-02, -4.4910e-02,  7.5047e-03,  3.9860e-02,  1.9791e-03, -2.5390e-03,  5.6026e-02, -4.9745e-03, -3.7565e-02,  2.1506e-02, -6.4492e-02,  2.3917e-02, -2.0396e-02, -3.7400e-03, -2.7703e-02, -1.7579e-02,  5.6342e-03,  1.9073e-04,  5.6570e-03, -4.7244e-02,  4.8077e-03, -5.4844e-02, -4.3430e-03, -8.8277e-02, -2.9572e-02,  3.6627e-02, -2.5895e-02,  1.2817e-02,  4.8927e-03,  9.6434e-03,  1.2882e-02, -1.4820e-02,  1.1050e-02, -2.1818e-02,  6.5500e-03, -5.7506e-02, -2.8472e-02, -3.3322e-02,  1.9590e-02,  1.9627e-02, -2.2397e-02, -3.1983e-02,  3.0938e-03, -5.5024e-02,  2.4613e-03,  2.4117e-02,  6.2205e-02, -4.0228e-02, -3.0751e-03, -4.3761e-02, -2.3479e-03, -3.3517e-02,  1.6034e-02,  2.4564e-02, -6.7202e-02,  1.3307e-02,  3.9986e-02,  2.3333e-02, -2.9325e-02, -1.8053e-02, -1.6312e-03, -2.9335e-02, -6.6577e-03, -2.7200e-02,  3.7363e-02,  4.2156e-02, -5.1215e-03, -5.2533e-02,  3.0109e-02, -3.4162e-02, -1.6662e-02, -4.5532e-02, -1.3731e-02,  5.1557e-02,  5.3585e-02, -1.2754e-02,  1.8787e-02,  4.2782e-04, -2.9491e-02,  6.2483e-03,  1.4381e-02, -1.5606e-02, -2.1122e-02, -6.1392e-02, -2.0214e-02,  2.0620e-02, -2.9978e-02,  5.7960e-02,  2.6099e-03,  2.5507e-02,  6.9519e-02, -2.9861e-02, -9.8210e-03]],[[-3.2492e-02,  3.4492e-02, -3.6178e-03, -2.4188e-02, -1.7348e-02, -3.0606e-02, -1.2240e-02, -2.1308e-02, -3.5144e-02,  3.1191e-02,  2.4946e-02, -6.3297e-03,  1.4133e-02,  2.5346e-02, -3.7004e-02, -1.4290e-02, -1.6449e-03, -1.1809e-02, -1.1844e-03, -3.8854e-03, -1.9462e-03, -5.3138e-03, -1.9283e-02,  8.4913e-03, -3.3136e-02,  3.6292e-03,  4.5447e-03, -3.5136e-02, -1.9174e-02, -2.1831e-02, -5.4290e-02, -3.0694e-02,  4.1966e-02, -1.7774e-02, -3.1551e-03,  2.0860e-02,  4.3834e-02, -4.7028e-05, -7.1357e-03, -3.3811e-02, -4.2310e-02,  2.7060e-02, -1.9942e-02, -7.1038e-03, -7.2457e-03,  3.4398e-02,  3.9464e-02, -2.9672e-02, -5.7918e-03, -1.7442e-02, -3.3433e-02,  4.2509e-02,  3.0844e-02,  2.9837e-02, -1.5385e-02, -4.5759e-02, -3.5759e-02, -3.5915e-03, -4.3608e-02,  2.4314e-02,  2.6340e-02, -4.4284e-02,  7.2492e-03, -3.8332e-03, -2.5754e-02,  4.5441e-03,  9.3188e-03,  2.6592e-02, -2.9262e-02, -1.9242e-02, -8.0282e-03,  4.5245e-02,  3.7115e-02,  6.2551e-03, -4.0659e-02, -2.4265e-04, -4.1321e-02, -3.0452e-02, -2.7801e-02, -1.1567e-02,  4.4878e-02,  4.9736e-02, -1.3567e-02,  8.0613e-02,  8.5639e-03, -2.1549e-02,  4.3931e-04,  3.8598e-02, -2.2437e-03, -3.8512e-02, -3.9609e-02, -4.2208e-02,  6.6211e-03, -2.3860e-02,  3.8874e-02, -3.6514e-03,  2.1349e-02,  2.5017e-02, -2.3870e-02, -7.6683e-03],[-4.4334e-04,  2.2352e-02, -8.9776e-03, -1.0196e-02,  8.1129e-03, -5.8250e-02, -2.2875e-02, -1.9040e-02, -4.0091e-02,  7.9144e-03,  4.0053e-02,  3.8533e-04,  1.0029e-02,  3.7075e-02, -6.0840e-03, -2.8781e-02,  9.3648e-03, -6.5363e-02,  2.5698e-02, -1.1212e-02, -1.3647e-02, -2.5484e-02, -2.4681e-02,  4.7250e-03, -6.7694e-03, -1.5324e-03, -4.6663e-02, -6.9754e-03, -5.4663e-02, -9.2348e-03, -8.5975e-02, -4.1502e-02,  4.0613e-02, -2.1773e-02,  4.7884e-03,  6.4590e-03,  5.7175e-03,  1.4133e-02, -7.2486e-03,  1.0645e-02, -1.7958e-02,  1.3161e-02, -5.4102e-02, -1.7915e-02, -4.0479e-02,  2.6450e-02,  1.8695e-02, -2.5436e-02, -3.3147e-02,  9.0556e-03, -4.7058e-02,  1.0729e-02,  2.3197e-02,  5.0545e-02, -2.2173e-02, -1.2905e-02, -4.0042e-02, -7.1790e-03, -3.9522e-02,  1.8570e-02,  2.4103e-02, -5.9182e-02,  1.6622e-02,  3.7119e-02,  1.1991e-02, -2.7415e-02, -9.4274e-03,  4.6033e-03, -2.6143e-02, -5.0892e-03, -2.3495e-02,  3.4752e-02,  4.7846e-02, -3.8584e-03, -5.6237e-02,  3.4557e-02, -2.7176e-02, -1.5442e-02, -4.7018e-02, -2.1795e-02,  4.4128e-02,  4.7720e-02, -1.9254e-02,  1.4633e-02, -1.2607e-02, -3.0885e-02, -2.1936e-03,  2.1377e-02, -2.1231e-03, -2.1990e-02, -5.6553e-02, -2.9449e-02,  1.3283e-02, -3.3262e-02,  4.8270e-02,  2.0356e-03,  2.1779e-02,  4.7620e-02, -2.2931e-02, -4.0640e-03]],[[-3.9290e-02,  3.5146e-02,  3.7616e-04, -2.4249e-02, -1.2028e-02, -3.7373e-02, -7.5302e-03, -2.0765e-02, -3.8321e-02,  3.4762e-02,  1.9529e-02, -4.2581e-03,  8.8044e-03,  1.8474e-02, -3.4173e-02, -1.4178e-03,  6.9373e-03, -1.2666e-02,  2.9382e-03, -4.5291e-03, -1.9928e-03, -5.0890e-04, -2.3035e-02,  1.6365e-02, -3.3061e-02,  6.2541e-03,  2.7104e-04, -3.4870e-02, -1.7799e-02, -2.6360e-02, -4.8590e-02, -3.2105e-02,  3.5083e-02, -1.9888e-02,  3.6833e-03,  2.2945e-02,  4.5083e-02, -3.8890e-03, -7.1164e-03, -2.7025e-02, -4.1535e-02,  2.8825e-02, -3.0638e-02, -3.5818e-03, -4.8281e-03,  3.3281e-02,  3.7079e-02, -2.8345e-02, -7.9293e-03, -1.9505e-02, -3.0591e-02,  4.0240e-02,  3.4176e-02,  2.7342e-02, -1.7539e-02, -4.4787e-02, -3.5810e-02, -3.9131e-03, -4.1682e-02,  2.0671e-02,  3.1917e-02, -4.7061e-02,  1.7540e-02, -1.2769e-02, -2.5796e-02,  1.9695e-03,  1.2443e-02,  2.7383e-02, -2.5801e-02, -1.8977e-02, -4.1205e-03,  3.4453e-02,  4.1104e-02,  4.0049e-03, -4.4703e-02,  7.5037e-04, -3.8574e-02, -3.4489e-02, -2.6946e-02, -9.7505e-03,  4.3339e-02,  5.2397e-02, -9.5633e-03,  7.6301e-02, -4.1850e-03, -2.0838e-02,  6.5105e-03,  3.9619e-02, -1.3478e-02, -3.5316e-02, -4.1134e-02, -3.7359e-02,  1.0279e-02, -3.1774e-02,  4.1595e-02, -2.2405e-03,  1.8224e-02,  2.9919e-02, -2.2184e-02, -8.3889e-03],[ 6.4615e-04,  2.0603e-02,  2.8068e-03, -1.2787e-02,  1.2701e-02, -5.6108e-02, -1.9138e-02, -1.9260e-02, -3.5341e-02,  1.3126e-02,  4.3903e-02, -1.5332e-03,  2.0543e-02,  3.0500e-02, -6.0856e-03, -2.3771e-02,  4.7907e-03, -6.4432e-02,  2.2581e-02, -8.0409e-03, -2.0283e-02, -2.0451e-02, -3.0317e-02,  2.2053e-03, -5.3971e-03, -9.3479e-03, -4.3399e-02, -9.5864e-03, -5.5902e-02, -1.0666e-02, -8.5322e-02, -5.2384e-02,  4.0446e-02, -2.1769e-02,  6.5494e-04,  1.0253e-02,  5.7402e-03,  1.6104e-02, -5.3772e-03,  8.2195e-03, -1.9732e-02,  1.8552e-02, -5.0542e-02, -9.6776e-03, -4.4075e-02,  3.0108e-02,  1.7471e-02, -3.1939e-02, -3.4537e-02,  1.6462e-02, -3.7465e-02,  1.2827e-02,  2.0501e-02,  4.7924e-02, -1.5347e-02, -2.2420e-02, -4.0036e-02, -1.2734e-02, -4.5710e-02,  2.1885e-02,  2.1755e-02, -5.4950e-02,  1.6249e-02,  3.6625e-02,  6.4138e-03, -2.8592e-02, -2.9359e-03,  4.2075e-03, -2.6081e-02, -3.1936e-03, -1.9521e-02,  3.6665e-02,  4.9002e-02, -5.3057e-03, -5.7845e-02,  4.0640e-02, -2.3181e-02, -1.4565e-02, -4.8265e-02, -2.9438e-02,  4.0986e-02,  4.6704e-02, -2.0453e-02,  1.0302e-02, -1.5690e-02, -3.1111e-02, -4.7369e-03,  2.6854e-02, -9.8729e-04, -2.4906e-02, -5.0168e-02, -3.9715e-02,  6.3924e-03, -3.7035e-02,  3.9560e-02,  3.8197e-03,  1.6023e-02,  3.9284e-02, -1.7785e-02, -5.8008e-03]]],
       grad_fn=<TransposeBackward0>)

tensor([[[-8.9416e-02,  2.7950e-01, -4.5178e-02,  6.6749e-02, -9.9998e-02, -7.3769e-02, -9.4491e-02],[ 2.1093e-02,  1.1865e-01, -3.1990e-02,  4.4105e-02, -9.1239e-02, -5.3506e-02, -8.4653e-02]],[[-7.0707e-01, -4.5274e-02, -3.9772e-02,  7.1444e-02, -1.0757e-01, -7.7335e-02, -9.6871e-02],[-1.6000e-01,  1.3965e-01, -2.7365e-02,  3.9399e-02, -9.2585e-02, -4.5985e-02, -8.1544e-02]],[[-8.2405e-01, -2.3113e-01, -4.9663e-02,  7.1101e-02, -1.0343e-01, -7.1165e-02, -9.0498e-02],[-1.0424e-02,  1.1082e-01, -3.6136e-02,  4.2894e-02, -8.9967e-02, -4.8767e-02, -8.4376e-02]],[[-3.1803e-01, -1.9389e-04, -4.9434e-02,  6.7725e-02, -9.9733e-02, -7.1462e-02, -9.1692e-02],[ 4.1983e-02, -2.2560e-01, -3.5793e-02,  4.4912e-02, -9.0177e-02, -5.2839e-02, -8.5737e-02]],[[ 6.4212e-02,  4.5588e-02, -4.5481e-02,  6.5712e-02, -9.9061e-02, -7.3974e-02, -9.5088e-02],[ 4.8797e-03, -1.0544e-01, -3.1852e-02,  4.4760e-02, -9.1376e-02, -5.4464e-02, -8.5264e-02]]], grad_fn=<CatBackward0>)	   
